[Banyak titik]
8
[Bobot sisi]
 1.30000000000000E+0001
 9.00000000000000E+0000
 1.60000000000000E+0001
 2.40000000000000E+0001
 1.70000000000000E+0001
 2.10000000000000E+0001
 1.00000000000000E+0001
 2.30000000000000E+0001
 1.10000000000000E+0001
 5.00000000000000E+0001
 2.80000000000000E+0001
 1.50000000000000E+0001
 1.30000000000000E+0001
 8.70000000000000E+0001
 1.90000000000000E+0001
 3.10000000000000E+0001
 5.10000000000000E+0001
 8.70000000000000E+0001
 3.50000000000000E+0001
 2.10000000000000E+0001
 8.00000000000000E+0000
 3.00000000000000E+0001
 3.90000000000000E+0001
 2.50000000000000E+0001
 5.10000000000000E+0001
 1.40000000000000E+0001
 1.70000000000000E+0001
 5.00000000000000E+0000
[Banyak arCust]
7
[Parameter permintaan]
550
540
550
480
500
650
630
[Parameter service time]
 3.06000000000000E-0001
 3.00000000000000E-0001
 3.06000000000000E-0001
 2.67000000000000E-0001
 2.78000000000000E-0001
 3.66000000000000E-0001
 3.50000000000000E-0001
[Kapasitas Kendaraan]
2500
[Kecepatan Kendaraan]
 6.00000000000000E+0001
[Time Window]
 3.00000000000000E+0000
[Global Pheromone]
 1.00000000000000E+0000
[Pheromone Feasibility]
 1.00000000000000E+0000
[Local Pheromone]
 1.00000000000000E-0001
[Banyak Semut]
1
[Posisi titik]
76 94
142 28
234 27
331 24
416 89
324 189
236 181
145 185
46 1
