[Banyak titik]
26
[Bobot sisi]
 1.10000000000000E+0001
 5.00000000000000E+0000
 3.00000000000000E+0000
 1.00000000000000E+0001
 2.30000000000000E+0001
 1.50000000000000E+0001
 2.00000000000000E+0000
 2.30000000000000E+0001
 1.40000000000000E+0001
 2.00000000000000E+0001
 7.00000000000000E+0000
 3.10000000000000E+0001
 1.20000000000000E+0001
 9.00000000000000E+0000
 1.00000000000000E+0001
 2.20000000000000E+0001
 4.00000000000000E+0001
 2.50000000000000E+0001
 9.00000000000000E+0000
 5.00000000000000E+0000
 1.20000000000000E+0001
 7.00000000000000E+0000
 1.30000000000000E+0001
 1.70000000000000E+0001
 1.00000000000000E+0001
 6.00000000000000E+0000
 1.50000000000000E+0001
 2.00000000000000E+0001
 4.50000000000000E+0001
 1.50000000000000E+0001
 1.00000000000000E+0000
 2.00000000000000E+0000
 5.00000000000000E+0000
 2.30000000000000E+0001
 2.00000000000000E+0000
 6.00000000000000E+0000
 5.00000000000000E+0000
 4.00000000000000E+0000
 4.00000000000000E+0000
 9.00000000000000E+0000
 1.00000000000000E+0001
 5.00000000000000E+0000
 1.00000000000000E+0000
 2.00000000000000E+0000
 1.00000000000000E+0000
 5.00000000000000E+0000
 2.00000000000000E+0000
 3.00000000000000E+0000
 8.00000000000000E+0000
 1.00000000000000E+0001
 2.50000000000000E+0001
 1.20000000000000E+0001
 2.30000000000000E+0001
 1.00000000000000E+0000
 5.00000000000000E+0000
 3.00000000000000E+0000
 5.00000000000000E+0000
 3.00000000000000E+0000
 9.00000000000000E+0000
 1.00000000000000E+0001
 1.00000000000000E+0000
 1.50000000000000E+0001
 1.00000000000000E+0000
 4.00000000000000E+0000
 1.00000000000000E+0000
 3.00000000000000E+0000
 1.00000000000000E+0000
 3.00000000000000E+0000
 1.00000000000000E+0000
 9.00000000000000E+0000
 5.00000000000000E+0000
 1.20000000000000E+0001
 9.00000000000000E+0000
 5.00000000000000E+0000
 1.00000000000000E+0001
 4.00000000000000E+0000
 3.00000000000000E+0000
 1.50000000000000E+0001
 1.60000000000000E+0001
 5.00000000000000E+0000
 1.20000000000000E+0001
 1.50000000000000E+0001
 5.00000000000000E+0000
 1.00000000000000E+0001
 1.00000000000000E+0000
 5.00000000000000E+0000
 2.00000000000000E+0000
 5.00000000000000E+0000
 1.00000000000000E+0000
 2.00000000000000E+0000
 1.00000000000000E+0000
 1.00000000000000E+0001
 1.00000000000000E+0000
 1.30000000000000E+0001
 1.00000000000000E+0001
 1.20000000000000E+0001
 5.00000000000000E+0000
 1.10000000000000E+0001
 7.00000000000000E+0000
 2.00000000000000E+0001
 7.00000000000000E+0000
 1.40000000000000E+0001
 2.40000000000000E+0001
 2.00000000000000E+0000
 4.00000000000000E+0000
 2.00000000000000E+0000
 3.00000000000000E+0000
 2.00000000000000E+0000
 7.00000000000000E+0000
 6.00000000000000E+0000
 2.00000000000000E+0000
 4.00000000000000E+0000
 3.00000000000000E+0000
 7.00000000000000E+0000
 2.50000000000000E+0001
 7.00000000000000E+0000
 1.20000000000000E+0001
 1.30000000000000E+0001
 1.30000000000000E+0001
 2.00000000000000E+0000
 1.00000000000000E+0000
 1.70000000000000E+0001
 5.00000000000000E+0000
 2.00000000000000E+0000
 3.00000000000000E+0000
 5.00000000000000E+0000
 1.00000000000000E+0000
 6.00000000000000E+0000
 8.00000000000000E+0000
 6.00000000000000E+0000
 5.00000000000000E+0000
 8.00000000000000E+0000
 7.00000000000000E+0000
 4.00000000000000E+0000
 6.00000000000000E+0001
 1.50000000000000E+0001
 1.50000000000000E+0001
 1.50000000000000E+0001
 1.00000000000000E+0000
 1.00000000000000E+0000
 2.30000000000000E+0001
 1.00000000000000E+0000
 1.00000000000000E+0000
 2.00000000000000E+0001
 1.20000000000000E+0001
 1.00000000000000E+0000
 7.00000000000000E+0000
 1.20000000000000E+0001
 7.00000000000000E+0000
 7.00000000000000E+0000
 9.00000000000000E+0000
 1.00000000000000E+0000
 6.00000000000000E+0000
 4.20000000000000E+0001
 2.00000000000000E+0001
 2.00000000000000E+0001
 1.00000000000000E+0000
 1.50000000000000E+0001
 2.50000000000000E+0001
 1.00000000000000E+0000
 2.00000000000000E+0001
 1.50000000000000E+0001
 1.00000000000000E+0001
 9.00000000000000E+0000
 1.60000000000000E+0001
 1.00000000000000E+0001
 8.00000000000000E+0000
 1.30000000000000E+0001
 1.00000000000000E+0001
 1.00000000000000E+0000
 1.00000000000000E+0001
 1.20000000000000E+0001
 2.30000000000000E+0001
 5.00000000000000E+0000
 2.00000000000000E+0001
 4.50000000000000E+0001
 5.00000000000000E+0000
 1.90000000000000E+0001
 1.80000000000000E+0001
 5.00000000000000E+0000
 7.00000000000000E+0000
 1.90000000000000E+0001
 5.00000000000000E+0000
 5.00000000000000E+0000
 7.00000000000000E+0000
 1.50000000000000E+0001
 7.00000000000000E+0000
 5.00000000000000E+0000
 1.50000000000000E+0001
 1.00000000000000E+0001
 2.30000000000000E+0001
 2.00000000000000E+0001
 9.00000000000000E+0000
 1.50000000000000E+0001
 4.00000000000000E+0001
 1.50000000000000E+0001
 1.50000000000000E+0001
 2.00000000000000E+0001
 3.00000000000000E+0000
 6.00000000000000E+0000
 5.00000000000000E+0000
 7.00000000000000E+0000
 5.00000000000000E+0000
 1.20000000000000E+0001
 2.00000000000000E+0000
 4.00000000000000E+0000
 2.00000000000000E+0000
 4.00000000000000E+0000
 1.10000000000000E+0001
 3.00000000000000E+0000
 1.70000000000000E+0001
 6.00000000000000E+0000
 4.00000000000000E+0000
 1.50000000000000E+0001
 1.20000000000000E+0001
 1.50000000000000E+0001
 8.00000000000000E+0000
 1.00000000000000E+0001
 1.00000000000000E+0000
 7.00000000000000E+0000
 1.50000000000000E+0001
 7.00000000000000E+0000
 7.00000000000000E+0000
 2.30000000000000E+0001
 6.00000000000000E+0000
 7.00000000000000E+0000
 5.00000000000000E+0000
 1.00000000000000E+0000
 1.50000000000000E+0001
 1.00000000000000E+0001
 1.00000000000000E+0000
 1.50000000000000E+0001
 4.00000000000000E+0000
 1.00000000000000E+0001
 1.00000000000000E+0000
 5.00000000000000E+0000
 1.50000000000000E+0001
 8.00000000000000E+0000
 1.20000000000000E+0001
 1.00000000000000E+0000
 7.00000000000000E+0000
 5.00000000000000E+0000
 1.10000000000000E+0001
 2.00000000000000E+0000
 2.30000000000000E+0001
 5.00000000000000E+0000
 1.50000000000000E+0001
 3.00000000000000E+0000
 5.00000000000000E+0000
 8.00000000000000E+0000
 1.00000000000000E+0001
 1.00000000000000E+0000
 1.00000000000000E+0001
 1.00000000000000E+0001
 1.20000000000000E+0001
 6.00000000000000E+0000
 1.00000000000000E+0000
 7.00000000000000E+0000
 1.00000000000000E+0000
 6.00000000000000E+0000
 1.00000000000000E+0000
 5.00000000000000E+0000
 2.00000000000000E+0000
 2.00000000000000E+0000
 2.30000000000000E+0001
 5.00000000000000E+0000
 7.00000000000000E+0000
 6.00000000000000E+0000
 9.00000000000000E+0000
 9.00000000000000E+0000
 7.00000000000000E+0000
 6.00000000000000E+0000
 8.00000000000000E+0000
 2.00000000000000E+0000
 4.00000000000000E+0000
 4.00000000000000E+0000
 5.00000000000000E+0000
 7.00000000000000E+0000
 6.00000000000000E+0000
 1.50000000000000E+0001
 6.00000000000000E+0000
 9.00000000000000E+0000
 3.00000000000000E+0000
 2.00000000000000E+0000
 7.00000000000000E+0000
 1.10000000000000E+0001
 1.20000000000000E+0001
 1.00000000000000E+0001
 2.00000000000000E+0000
 4.00000000000000E+0000
 6.00000000000000E+0000
 1.00000000000000E+0000
 5.00000000000000E+0000
 1.00000000000000E+0001
 5.00000000000000E+0000
 1.50000000000000E+0001
 5.00000000000000E+0000
 5.00000000000000E+0000
 1.00000000000000E+0000
 5.00000000000000E+0000
 5.00000000000000E+0000
 3.00000000000000E+0000
 3.00000000000000E+0000
 7.00000000000000E+0000
 8.00000000000000E+0000
 3.00000000000000E+0000
 3.00000000000000E+0000
 7.00000000000000E+0000
 6.00000000000000E+0000
 1.10000000000000E+0001
 1.00000000000000E+0000
 9.00000000000000E+0000
 1.00000000000000E+0001
 4.00000000000000E+0000
 1.50000000000000E+0001
 1.00000000000000E+0001
 1.20000000000000E+0001
 7.00000000000000E+0000
 6.00000000000000E+0000
 1.00000000000000E+0000
 1.00000000000000E+0001
 1.20000000000000E+0001
 5.00000000000000E+0000
 1.00000000000000E+0001
 2.00000000000000E+0000
[Banyak arCust]
25
[Parameter permintaan]
200
150
500
450
175
225
550
430
150
255
275
100
150
275
100
150
550
430
100
450
150
225
175
150
200
[Parameter service time]
 1.60000000000000E+0000
 1.25000000000000E+0000
 4.10000000000000E+0000
 3.75000000000000E+0000
 1.40000000000000E+0000
 1.90000000000000E+0000
 4.60000000000000E+0000
 3.60000000000000E+0000
 1.25000000000000E+0000
 1.90000000000000E+0000
 2.30000000000000E+0000
 8.00000000000000E-0001
 1.25000000000000E+0000
 2.30000000000000E+0000
 8.00000000000000E-0001
 1.25000000000000E+0000
 4.60000000000000E+0000
 3.60000000000000E+0000
 8.00000000000000E-0001
 3.75000000000000E+0000
 1.25000000000000E+0000
 1.90000000000000E+0000
 1.40000000000000E+0000
 3.75000000000000E+0000
 5.00000000000000E+0000
[Kapasitas Kendaraan]
2500
[Kecepatan Kendaraan]
 6.00000000000000E+0001
[Time Window]
 3.00000000000000E+0000
[Global Pheromone]
 1.00000000000000E+0000
[Pheromone Feasibility]
 1.00000000000000E+0000
[Local Pheromone]
 1.00000000000000E-0001
[Banyak Semut]
1
[Posisi titik]
10 114
37 62
73 31
133 22
206 16
293 16
353 14
467 10
513 23
579 95
550 154
495 194
429 198
368 196
306 196
244 204
158 202
99 200
47 174
63 131
156 123
239 109
296 112
387 117
444 108
501 107
70 35357460
